# clock	walking	resting	collected_food	energy
1	0	20	0	0
2	0	20	0	0
3	4	16	0	-4
4	6	14	0	-10
5	6	14	0	-16
6	6	14	0	-22
7	7	13	0	-29
8	10	10	0	-39
9	11	9	0	-50
10	15	5	0	-65
11	18	2	0	-83
12	18	2	0	-101
13	18	2	0	-119
14	18	2	0	-137
15	18	2	0	-155
16	18	2	0	-173
17	18	2	0	-191
18	18	2	0	-209
19	18	2	0	-227
20	18	2	0	-245
21	19	1	0	-264
22	19	1	0	-283
23	19	1	0	-302
24	19	1	0	-321
25	19	1	0	-340
26	19	1	0	-359
27	19	1	0	-378
28	19	1	0	-397
29	19	1	0	-416
30	19	1	0	-435
31	19	1	0	-454
32	19	1	0	-473
33	20	0	0	-493
34	20	0	0	-513
35	20	0	0	-533
36	20	0	0	-553
37	20	0	0	-573
38	20	0	0	-593
39	20	0	0	-613
40	20	0	0	-633
41	20	0	0	-653
42	20	0	0	-673
43	20	0	0	-693
44	20	0	0	-713
45	20	0	0	-733
46	20	0	0	-753
47	20	0	0	-773
48	20	0	0	-793
49	20	0	0	-813
50	20	0	0	-833
51	20	0	0	-853
52	20	0	0	-873
53	20	0	0	-893
54	20	0	0	-913
55	20	0	0	-933
56	20	0	0	-953
57	20	0	0	-973
58	20	0	0	-993
59	20	0	0	-1013
60	20	0	0	-1033
61	20	0	0	-1053
62	20	0	0	-1073
63	20	0	0	-1093
64	20	0	0	-1113
65	20	0	0	-1133
66	20	0	0	-1153
67	20	0	0	-1173
68	20	0	0	-1193
69	20	0	0	-1213
70	20	0	0	-1233
71	20	0	0	-1253
72	20	0	0	-1273
73	20	0	0	-1293
74	20	0	0	-1313
75	20	0	0	-1333
76	20	0	0	-1353
77	20	0	0	-1373
78	20	0	0	-1393
79	20	0	0	-1413
80	20	0	0	-1433
81	20	0	0	-1453
82	20	0	0	-1473
83	20	0	0	-1493
84	20	0	0	-1513
85	20	0	0	-1533
86	20	0	0	-1553
87	20	0	0	-1573
88	20	0	0	-1593
89	20	0	0	-1613
90	20	0	0	-1633
91	20	0	0	-1653
92	20	0	0	-1673
93	20	0	0	-1693
94	20	0	0	-1713
95	20	0	0	-1733
96	20	0	0	-1753
97	20	0	0	-1773
98	20	0	0	-1793
99	20	0	0	-1813
100	20	0	0	-1833
101	20	0	0	-1853
102	20	0	0	-1873
103	20	0	0	-1893
104	20	0	0	-1913
105	20	0	0	-1933
106	20	0	0	-1953
107	20	0	0	-1973
108	20	0	0	-1993
109	20	0	0	-2013
110	20	0	0	-2033
111	20	0	0	-2053
112	20	0	0	-2073
113	20	0	0	-2093
114	20	0	0	-2113
115	20	0	0	-2133
116	20	0	0	-2153
117	20	0	0	-2173
118	20	0	0	-2193
119	20	0	0	-2213
120	20	0	0	-2233
121	20	0	0	-2253
122	20	0	0	-2273
123	20	0	0	-2293
124	20	0	0	-2313
125	20	0	0	-2333
126	20	0	0	-2353
127	20	0	0	-2373
128	20	0	0	-2393
129	20	0	0	-2413
130	20	0	0	-2433
131	20	0	0	-2453
132	20	0	0	-2473
133	20	0	0	-2493
134	20	0	0	-2513
135	20	0	0	-2533
136	20	0	0	-2553
137	20	0	0	-2573
138	20	0	0	-2593
139	20	0	0	-2613
140	20	0	0	-2633
141	20	0	0	-2653
142	20	0	0	-2673
143	20	0	0	-2693
144	20	0	0	-2713
145	20	0	0	-2733
146	20	0	0	-2753
147	20	0	0	-2773
148	20	0	0	-2793
149	20	0	0	-2813
150	20	0	0	-2833
151	20	0	0	-2853
152	20	0	0	-2873
153	20	0	0	-2893
154	20	0	0	-2913
155	20	0	0	-2933
156	20	0	0	-2953
157	20	0	0	-2973
158	20	0	0	-2993
159	20	0	0	-3013
160	20	0	0	-3033
161	20	0	0	-3053
162	20	0	0	-3073
163	20	0	0	-3093
164	20	0	0	-3113
165	20	0	0	-3133
166	20	0	0	-3153
167	20	0	0	-3173
168	20	0	0	-3193
169	20	0	0	-3213
170	20	0	0	-3233
171	20	0	0	-3253
172	20	0	0	-3273
173	20	0	0	-3293
174	20	0	0	-3313
175	20	0	0	-3333
176	20	0	0	-3353
177	20	0	0	-3373
178	20	0	0	-3393
179	20	0	0	-3413
180	20	0	0	-3433
181	20	0	0	-3453
182	20	0	0	-3473
183	20	0	0	-3493
184	20	0	0	-3513
185	20	0	0	-3533
186	20	0	0	-3553
187	20	0	0	-3573
188	20	0	0	-3593
189	20	0	0	-3613
190	20	0	0	-3633
191	20	0	0	-3653
192	20	0	0	-3673
193	20	0	0	-3693
194	20	0	0	-3713
195	20	0	0	-3733
196	20	0	0	-3753
197	20	0	0	-3773
198	20	0	0	-3793
199	20	0	0	-3813
200	20	0	0	-3833
201	20	0	0	-3853
202	20	0	0	-3873
203	20	0	0	-3893
204	20	0	0	-3913
205	20	0	0	-3933
206	20	0	0	-3953
207	20	0	0	-3973
208	20	0	0	-3993
209	20	0	0	-4013
210	20	0	0	-4033
211	20	0	0	-4053
212	20	0	0	-4073
213	20	0	0	-4093
214	20	0	0	-4113
215	20	0	0	-4133
216	20	0	0	-4153
217	20	0	0	-4173
218	20	0	0	-4193
219	20	0	0	-4213
220	20	0	0	-4233
221	20	0	0	-4253
222	20	0	0	-4273
223	20	0	0	-4293
224	20	0	0	-4313
225	20	0	0	-4333
226	20	0	0	-4353
227	20	0	0	-4373
228	20	0	0	-4393
229	20	0	0	-4413
230	20	0	0	-4433
231	20	0	0	-4453
232	20	0	0	-4473
233	20	0	0	-4493
234	20	0	0	-4513
235	20	0	0	-4533
236	20	0	0	-4553
237	20	0	0	-4573
238	20	0	0	-4593
239	20	0	0	-4613
240	20	0	0	-4633
241	20	0	0	-4653
242	20	0	0	-4673
243	20	0	0	-4693
244	20	0	0	-4713
245	20	0	0	-4733
246	20	0	0	-4753
247	20	0	0	-4773
248	20	0	0	-4793
249	20	0	0	-4813
250	20	0	0	-4833
251	20	0	0	-4853
252	20	0	0	-4873
253	20	0	0	-4893
254	20	0	0	-4913
255	20	0	0	-4933
256	20	0	0	-4953
257	20	0	0	-4973
258	20	0	0	-4993
259	20	0	0	-5013
260	20	0	0	-5033
261	20	0	0	-5053
262	20	0	0	-5073
263	20	0	0	-5093
264	20	0	0	-5113
265	20	0	0	-5133
266	20	0	0	-5153
267	20	0	0	-5173
268	20	0	0	-5193
269	20	0	0	-5213
270	20	0	0	-5233
271	20	0	0	-5253
272	20	0	0	-5273
273	20	0	0	-5293
274	20	0	0	-5313
275	20	0	0	-5333
276	20	0	0	-5353
277	20	0	0	-5373
278	20	0	0	-5393
279	20	0	0	-5413
280	20	0	0	-5433
281	20	0	0	-5453
282	20	0	0	-5473
283	20	0	0	-5493
284	20	0	0	-5513
285	20	0	0	-5533
286	20	0	0	-5553
287	20	0	0	-5573
288	20	0	0	-5593
289	20	0	0	-5613
290	20	0	0	-5633
291	20	0	0	-5653
292	20	0	0	-5673
293	20	0	0	-5693
294	20	0	0	-5713
295	20	0	0	-5733
296	20	0	0	-5753
297	20	0	0	-5773
298	20	0	0	-5793
299	20	0	0	-5813
300	20	0	0	-5833
301	20	0	0	-5853
302	20	0	0	-5873
303	20	0	0	-5893
304	20	0	0	-5913
305	20	0	0	-5933
306	20	0	0	-5953
307	20	0	0	-5973
308	20	0	0	-5993
309	20	0	0	-6013
310	20	0	0	-6033
311	20	0	0	-6053
312	20	0	0	-6073
313	20	0	0	-6093
314	20	0	0	-6113
315	20	0	0	-6133
316	20	0	0	-6153
317	20	0	0	-6173
318	20	0	0	-6193
319	20	0	0	-6213
320	20	0	0	-6233
321	20	0	0	-6253
322	20	0	0	-6273
323	20	0	0	-6293
324	20	0	0	-6313
325	20	0	0	-6333
326	20	0	0	-6353
327	20	0	0	-6373
328	20	0	0	-6393
329	20	0	0	-6413
330	20	0	0	-6433
331	20	0	0	-6453
332	20	0	0	-6473
333	20	0	0	-6493
334	20	0	0	-6513
335	20	0	0	-6533
336	20	0	0	-6553
337	20	0	0	-6573
338	20	0	0	-6593
339	20	0	0	-6613
340	20	0	0	-6633
341	20	0	0	-6653
342	20	0	0	-6673
343	20	0	0	-6693
344	20	0	0	-6713
345	20	0	0	-6733
346	20	0	0	-6753
347	20	0	0	-6773
348	20	0	0	-6793
349	20	0	0	-6813
350	20	0	0	-6833
351	20	0	0	-6853
352	20	0	0	-6873
353	20	0	0	-6893
354	20	0	0	-6913
355	20	0	0	-6933
356	20	0	0	-6953
357	20	0	0	-6973
358	20	0	0	-6993
359	20	0	0	-7013
360	20	0	0	-7033
361	20	0	0	-7053
362	20	0	0	-7073
363	20	0	0	-7093
364	20	0	0	-7113
365	20	0	0	-7133
366	20	0	0	-7153
367	20	0	0	-7173
368	20	0	0	-7193
369	20	0	0	-7213
370	20	0	0	-7233
371	20	0	0	-7253
372	20	0	0	-7273
373	20	0	0	-7293
374	20	0	0	-7313
375	20	0	0	-7333
376	20	0	0	-7353
377	20	0	0	-7373
378	20	0	0	-7393
379	20	0	0	-7413
380	20	0	0	-7433
381	20	0	0	-7453
382	20	0	0	-7473
383	20	0	0	-7493
384	20	0	0	-7513
385	20	0	0	-7533
386	20	0	0	-7553
387	20	0	0	-7573
388	20	0	0	-7593
389	20	0	0	-7613
390	20	0	0	-7633
391	20	0	0	-7653
392	20	0	0	-7673
393	20	0	0	-7693
394	20	0	0	-7713
395	20	0	0	-7733
396	20	0	0	-7753
397	20	0	0	-7773
398	20	0	0	-7793
399	20	0	0	-7813
400	20	0	0	-7833
401	20	0	0	-7853
402	20	0	0	-7873
403	20	0	0	-7893
404	20	0	0	-7913
405	20	0	0	-7933
406	20	0	0	-7953
407	20	0	0	-7973
408	20	0	0	-7993
409	20	0	0	-8013
410	20	0	0	-8033
411	20	0	0	-8053
412	20	0	0	-8073
413	20	0	0	-8093
414	20	0	0	-8113
415	20	0	0	-8133
416	20	0	0	-8153
417	20	0	0	-8173
418	20	0	0	-8193
419	20	0	0	-8213
420	20	0	0	-8233
421	20	0	0	-8253
422	20	0	0	-8273
423	20	0	2	-6293
424	20	0	2	-6313
425	20	0	2	-6333
426	20	0	2	-6353
427	20	0	2	-6373
428	20	0	2	-6393
429	20	0	2	-6413
430	20	0	2	-6433
431	20	0	2	-6453
432	20	0	2	-6473
433	20	0	2	-6493
434	20	0	2	-6513
435	20	0	2	-6533
436	20	0	2	-6553
437	20	0	2	-6573
438	20	0	2	-6593
439	20	0	2	-6613
440	20	0	2	-6633
441	20	0	2	-6653
442	20	0	2	-6673
443	20	0	2	-6693
444	20	0	2	-6713
445	20	0	2	-6733
446	20	0	2	-6753
447	20	0	2	-6773
448	20	0	2	-6793
449	20	0	2	-6813
450	20	0	2	-6833
451	20	0	2	-6853
452	20	0	2	-6873
453	20	0	2	-6893
454	20	0	2	-6913
455	20	0	2	-6933
456	20	0	2	-6953
457	20	0	2	-6973
458	20	0	2	-6993
459	20	0	2	-7013
460	20	0	2	-7033
461	20	0	2	-7053
462	20	0	2	-7073
463	20	0	2	-7093
464	20	0	2	-7113
465	20	0	2	-7133
466	20	0	2	-7153
467	20	0	2	-7173
468	20	0	2	-7193
469	20	0	2	-7213
470	20	0	2	-7233
471	20	0	2	-7253
472	20	0	2	-7273
473	20	0	2	-7293
474	20	0	2	-7313
475	20	0	2	-7333
476	20	0	2	-7353
477	20	0	2	-7373
478	20	0	2	-7393
479	20	0	2	-7413
480	20	0	2	-7433
481	18	2	2	-7451
482	18	2	2	-7469
483	18	2	2	-7487
484	18	2	2	-7505
485	18	2	2	-7523
486	18	2	2	-7541
487	18	2	2	-7559
488	18	2	2	-7577
489	18	2	2	-7595
490	18	2	2	-7613
491	18	2	2	-7631
492	18	2	2	-7649
493	18	2	2	-7667
494	18	2	2	-7685
495	18	2	2	-7703
496	18	2	2	-7721
497	18	2	2	-7739
498	18	2	2	-7757
499	18	2	2	-7775
500	18	2	2	-7793
501	18	2	2	-7811
502	18	2	2	-7829
503	18	2	2	-7847
504	18	2	2	-7865
505	18	2	2	-7883
506	18	2	2	-7901
507	18	2	2	-7919
508	18	2	2	-7937
509	18	2	2	-7955
510	18	2	2	-7973
511	18	2	2	-7991
512	18	2	2	-8009
513	18	2	2	-8027
514	18	2	2	-8045
515	18	2	2	-8063
516	18	2	2	-8081
517	18	2	2	-8099
518	18	2	2	-8117
519	18	2	2	-8135
520	18	2	2	-8153
521	18	2	2	-8171
522	18	2	2	-8189
523	18	2	2	-8207
524	18	2	2	-8225
525	18	2	2	-8243
526	18	2	2	-8261
527	18	2	2	-8279
528	18	2	2	-8297
529	18	2	2	-8315
530	18	2	2	-8333
531	18	2	2	-8351
532	18	2	2	-8369
533	18	2	2	-8387
534	18	2	2	-8405
535	18	2	2	-8423
536	18	2	2	-8441
537	19	1	2	-8460
538	19	1	2	-8479
539	19	1	2	-8498
540	19	1	2	-8517
541	19	1	2	-8536
542	19	1	2	-8555
543	19	1	2	-8574
544	20	0	2	-8594
545	20	0	2	-8614
546	20	0	2	-8634
547	20	0	2	-8654
548	20	0	2	-8674
549	20	0	2	-8694
550	20	0	2	-8714
551	20	0	2	-8734
552	20	0	2	-8754
553	20	0	2	-8774
554	20	0	2	-8794
555	20	0	2	-8814
556	20	0	2	-8834
557	20	0	2	-8854
558	20	0	2	-8874
559	20	0	2	-8894
560	20	0	2	-8914
561	20	0	2	-8934
562	20	0	2	-8954
563	20	0	2	-8974
564	20	0	2	-8994
565	20	0	2	-9014
566	20	0	2	-9034
567	20	0	2	-9054
568	20	0	2	-9074
569	20	0	2	-9094
570	20	0	2	-9114
571	20	0	2	-9134
572	20	0	2	-9154
573	20	0	2	-9174
574	20	0	2	-9194
575	20	0	2	-9214
576	20	0	2	-9234
577	20	0	2	-9254
578	20	0	2	-9274
579	20	0	2	-9294
580	20	0	2	-9314
581	20	0	2	-9334
582	20	0	2	-9354
583	20	0	2	-9374
584	20	0	2	-9394
585	20	0	2	-9414
586	20	0	2	-9434
587	20	0	2	-9454
588	20	0	2	-9474
589	20	0	2	-9494
590	20	0	2	-9514
591	20	0	2	-9534
592	20	0	2	-9554
593	20	0	2	-9574
594	20	0	2	-9594
595	20	0	2	-9614
596	20	0	2	-9634
597	20	0	2	-9654
598	20	0	2	-9674
599	20	0	2	-9694
600	20	0	2	-9714
601	20	0	2	-9734
602	20	0	2	-9754
603	20	0	2	-9774
604	20	0	2	-9794
605	20	0	2	-9814
606	20	0	2	-9834
607	20	0	2	-9854
608	20	0	2	-9874
609	20	0	2	-9894
610	20	0	2	-9914
611	20	0	2	-9934
612	20	0	2	-9954
613	20	0	2	-9974
614	20	0	2	-9994
615	20	0	2	-10014
616	20	0	2	-10034
617	20	0	2	-10054
618	20	0	2	-10074
619	20	0	2	-10094
620	20	0	2	-10114
621	20	0	2	-10134
622	20	0	2	-10154
623	20	0	2	-10174
624	20	0	2	-10194
625	20	0	2	-10214
626	20	0	2	-10234
627	20	0	2	-10254
628	20	0	2	-10274
629	20	0	2	-10294
630	20	0	2	-10314
631	20	0	2	-10334
632	20	0	2	-10354
633	20	0	2	-10374
634	20	0	2	-10394
635	20	0	2	-10414
636	20	0	2	-10434
637	20	0	2	-10454
638	20	0	2	-10474
639	20	0	2	-10494
640	20	0	2	-10514
641	20	0	2	-10534
642	20	0	2	-10554
643	20	0	2	-10574
644	20	0	2	-10594
645	20	0	2	-10614
646	20	0	2	-10634
647	20	0	2	-10654
648	20	0	2	-10674
649	20	0	2	-10694
650	20	0	2	-10714
651	20	0	2	-10734
652	20	0	2	-10754
653	20	0	2	-10774
654	20	0	2	-10794
655	20	0	2	-10814
656	20	0	2	-10834
657	20	0	2	-10854
658	20	0	2	-10874
659	20	0	2	-10894
660	20	0	2	-10914
661	20	0	2	-10934
662	20	0	2	-10954
663	20	0	2	-10974
664	19	1	2	-10993
665	19	1	2	-11012
666	19	1	2	-11031
667	19	1	2	-11050
668	19	1	2	-11069
669	19	1	2	-11088
670	19	1	3	-10107
671	19	1	3	-10126
672	19	1	3	-10145
673	19	1	3	-10164
674	19	1	3	-10183
675	19	1	3	-10202
676	19	1	3	-10221
677	19	1	3	-10240
678	19	1	3	-10259
679	19	1	3	-10278
680	19	1	3	-10297
681	19	1	3	-10316
682	19	1	3	-10335
683	19	1	3	-10354
684	19	1	3	-10373
685	19	1	3	-10392
686	19	1	3	-10411
687	19	1	3	-10430
688	19	1	3	-10449
689	19	1	3	-10468
690	19	1	3	-10487
691	19	1	3	-10506
692	19	1	3	-10525
693	19	1	3	-10544
694	19	1	3	-10563
695	19	1	3	-10582
696	19	1	3	-10601
697	19	1	3	-10620
698	19	1	3	-10639
699	19	1	3	-10658
700	19	1	3	-10677
701	19	1	3	-10696
702	19	1	3	-10715
703	19	1	3	-10734
704	19	1	3	-10753
705	19	1	3	-10772
706	19	1	3	-10791
707	19	1	3	-10810
708	19	1	3	-10829
709	18	2	3	-10847
710	18	2	3	-10865
711	18	2	3	-10883
712	18	2	3	-10901
713	18	2	3	-10919
714	18	2	3	-10937
715	18	2	3	-10955
716	18	2	3	-10973
717	18	2	3	-10991
718	18	2	3	-11009
719	18	2	3	-11027
720	18	2	3	-11045
721	18	2	3	-11063
722	18	2	3	-11081
723	18	2	3	-11099
724	18	2	3	-11117
725	18	2	3	-11135
726	18	2	3	-11153
727	17	3	3	-11170
728	16	4	3	-11186
729	16	4	3	-11202
730	16	4	3	-11218
731	16	4	3	-11234
732	16	4	3	-11250
733	16	4	3	-11266
734	16	4	3	-11282
735	16	4	3	-11298
736	16	4	3	-11314
737	16	4	3	-11330
738	16	4	3	-11346
739	16	4	3	-11362
740	16	4	3	-11378
741	16	4	3	-11394
742	16	4	3	-11410
743	16	4	3	-11426
744	16	4	3	-11442
745	16	4	3	-11458
746	16	4	3	-11474
747	16	4	3	-11490
748	16	4	3	-11506
749	16	4	3	-11522
750	16	4	3	-11538
751	16	4	3	-11554
752	16	4	3	-11570
753	16	4	3	-11586
754	16	4	3	-11602
755	16	4	3	-11618
756	16	4	3	-11634
757	16	4	3	-11650
758	16	4	3	-11666
759	16	4	3	-11682
760	16	4	3	-11698
761	16	4	3	-11714
762	16	4	3	-11730
763	16	4	3	-11746
764	16	4	3	-11762
765	16	4	3	-11778
766	16	4	3	-11794
767	16	4	3	-11810
768	16	4	3	-11826
769	16	4	3	-11842
770	16	4	3	-11858
771	16	4	3	-11874
772	16	4	3	-11890
773	16	4	3	-11906
774	16	4	3	-11922
775	16	4	3	-11938
776	16	4	3	-11954
777	16	4	3	-11970
778	16	4	3	-11986
779	16	4	4	-11002
780	16	4	4	-11018
781	16	4	4	-11034
782	16	4	4	-11050
783	16	4	4	-11066
784	16	4	4	-11082
785	16	4	4	-11098
786	16	4	4	-11114
787	16	4	4	-11130
788	16	4	4	-11146
789	16	4	4	-11162
790	16	4	4	-11178
791	16	4	4	-11194
792	16	4	4	-11210
793	16	4	4	-11226
794	15	5	4	-11241
795	15	5	4	-11256
796	14	6	4	-11270
797	14	6	4	-11284
798	14	6	4	-11298
799	14	6	4	-11312
800	14	6	4	-11326
801	14	6	4	-11340
802	14	6	4	-11354
803	14	6	4	-11368
804	14	6	4	-11382
805	14	6	4	-11396
806	14	6	4	-11410
807	14	6	4	-11424
808	14	6	4	-11438
809	14	6	4	-11452
810	14	6	4	-11466
811	14	6	4	-11480
812	14	6	4	-11494
813	14	6	4	-11508
814	14	6	4	-11522
815	14	6	4	-11536
816	14	6	4	-11550
817	14	6	4	-11564
818	14	6	4	-11578
819	14	6	4	-11592
820	14	6	4	-11606
821	14	6	4	-11620
822	14	6	4	-11634
823	14	6	4	-11648
824	14	6	4	-11662
825	14	6	4	-11676
826	14	6	4	-11690
827	14	6	4	-11704
828	14	6	4	-11718
829	14	6	4	-11732
830	13	7	4	-11745
831	13	7	4	-11758
832	13	7	4	-11771
833	13	7	4	-11784
834	13	7	4	-11797
835	13	7	4	-11810
836	13	7	4	-11823
837	12	8	4	-11835
838	11	9	4	-11846
839	11	9	4	-11857
840	11	9	4	-11868
841	11	9	4	-11879
842	11	9	4	-11890
843	11	9	4	-11901
844	11	9	4	-11912
845	11	9	4	-11923
846	11	9	4	-11934
847	11	9	4	-11945
848	11	9	4	-11956
849	11	9	4	-11967
850	11	9	4	-11978
851	12	8	4	-11990
852	12	8	4	-12002
853	11	9	4	-12013
854	11	9	4	-12024
855	11	9	4	-12035
856	11	9	4	-12046
857	11	9	4	-12057
858	11	9	4	-12068
859	11	9	4	-12079
860	11	9	4	-12090
861	11	9	4	-12101
862	11	9	4	-12112
863	11	9	4	-12123
864	11	9	4	-12134
865	11	9	4	-12145
866	11	9	4	-12156
867	11	9	4	-12167
868	11	9	4	-12178
869	11	9	4	-12189
870	11	9	4	-12200
871	11	9	4	-12211
872	11	9	4	-12222
873	11	9	4	-12233
874	11	9	4	-12244
875	11	9	4	-12255
876	11	9	4	-12266
877	11	9	4	-12277
878	11	9	4	-12288
879	11	9	4	-12299
880	10	10	4	-12309
881	10	10	4	-12319
882	10	10	4	-12329
883	10	10	4	-12339
884	10	10	4	-12349
885	10	10	4	-12359
886	10	10	4	-12369
887	9	11	4	-12378
888	9	11	4	-12387
889	9	11	4	-12396
890	10	10	4	-12406
891	10	10	4	-12416
892	10	10	4	-12426
893	10	10	5	-11436
894	10	10	5	-11446
895	10	10	5	-11456
896	10	10	5	-11466
897	10	10	5	-11476
898	10	10	5	-11486
899	10	10	5	-11496
900	10	10	5	-11506
901	10	10	5	-11516
902	10	10	5	-11526
903	10	10	5	-11536
904	10	10	5	-11546
905	10	10	5	-11556
906	10	10	5	-11566
907	10	10	5	-11576
908	10	10	5	-11586
909	10	10	5	-11596
910	9	11	5	-11605
911	9	11	5	-11614
912	9	11	5	-11623
913	9	11	5	-11632
914	9	11	5	-11641
915	9	11	5	-11650
916	9	11	5	-11659
917	9	11	5	-11668
918	9	11	5	-11677
919	9	11	5	-11686
920	9	11	5	-11695
921	9	11	5	-11704
922	9	11	5	-11713
923	9	11	5	-11722
924	9	11	5	-11731
925	9	11	5	-11740
926	9	11	5	-11749
927	9	11	5	-11758
928	9	11	5	-11767
929	9	11	5	-11776
930	9	11	5	-11785
931	9	11	5	-11794
932	9	11	5	-11803
933	9	11	5	-11812
934	9	11	5	-11821
935	9	11	5	-11830
936	9	11	5	-11839
937	9	11	5	-11848
938	9	11	5	-11857
939	8	12	5	-11865
940	8	12	5	-11873
941	8	12	5	-11881
942	8	12	5	-11889
943	8	12	5	-11897
944	8	12	5	-11905
945	8	12	5	-11913
946	8	12	5	-11921
947	8	12	5	-11929
948	8	12	5	-11937
949	8	12	5	-11945
950	8	12	5	-11953
951	8	12	5	-11961
952	6	14	5	-11967
953	6	14	5	-11973
954	6	14	5	-11979
955	5	15	5	-11984
956	5	15	5	-11989
957	5	15	5	-11994
958	5	15	5	-11999
959	5	15	5	-12004
960	5	15	5	-12009
961	5	15	5	-12014
962	5	15	5	-12019
963	5	15	5	-12024
964	5	15	5	-12029
965	5	15	5	-12034
966	5	15	5	-12039
967	5	15	5	-12044
968	5	15	5	-12049
969	6	14	5	-12055
970	6	14	5	-12061
971	6	14	5	-12067
972	6	14	5	-12073
973	6	14	5	-12079
974	6	14	5	-12085
975	6	14	5	-12091
976	6	14	5	-12097
977	6	14	5	-12103
978	6	14	5	-12109
979	6	14	5	-12115
980	6	14	5	-12121
981	6	14	5	-12127
982	6	14	5	-12133
983	6	14	5	-12139
984	6	14	5	-12145
985	6	14	5	-12151
986	6	14	5	-12157
987	6	14	5	-12163
988	6	14	5	-12169
989	6	14	5	-12175
990	6	14	5	-12181
991	6	14	5	-12187
992	6	14	5	-12193
993	6	14	5	-12199
994	6	14	5	-12205
995	6	14	5	-12211
996	8	12	5	-12219
997	8	12	5	-12227
998	8	12	5	-12235
999	8	12	5	-12243
1000	8	12	5	-12251
1001	8	12	5	-12259
1002	8	12	5	-12267
1003	8	12	5	-12275
1004	8	12	5	-12283
1005	8	12	5	-12291
1006	8	12	5	-12299
1007	8	12	5	-12307
1008	8	12	5	-12315
1009	8	12	5	-12323
1010	9	11	5	-12332
1011	9	11	5	-12341
1012	9	11	5	-12350
1013	9	11	5	-12359
1014	9	11	5	-12368
1015	9	11	5	-12377
1016	9	11	5	-12386
1017	9	11	5	-12395
1018	9	11	5	-12404
1019	9	11	5	-12413
1020	9	11	5	-12422
1021	9	11	5	-12431
1022	9	11	5	-12440
1023	9	11	5	-12449
1024	9	11	5	-12458
1025	10	10	5	-12468
1026	10	10	5	-12478
1027	10	10	5	-12488
1028	10	10	5	-12498
1029	10	10	5	-12508
1030	10	10	5	-12518
1031	10	10	5	-12528
1032	10	10	5	-12538
1033	10	10	5	-12548
1034	10	10	5	-12558
1035	10	10	5	-12568
1036	10	10	5	-12578
1037	10	10	5	-12588
1038	10	10	5	-12598
1039	10	10	5	-12608
1040	10	10	5	-12618
1041	10	10	5	-12628
1042	10	10	5	-12638
1043	10	10	5	-12648
1044	10	10	5	-12658
1045	10	10	5	-12668
1046	10	10	5	-12678
1047	10	10	5	-12688
1048	10	10	5	-12698
1049	10	10	5	-12708
1050	10	10	5	-12718
1051	10	10	5	-12728
1052	10	10	5	-12738
1053	10	10	5	-12748
1054	10	10	5	-12758
1055	10	10	5	-12768
1056	10	10	5	-12778
1057	10	10	5	-12788
1058	10	10	5	-12798
1059	10	10	5	-12808
1060	10	10	5	-12818
1061	10	10	5	-12828
1062	10	10	5	-12838
1063	10	10	5	-12848
1064	10	10	5	-12858
1065	10	10	5	-12868
1066	10	10	5	-12878
1067	10	10	5	-12888
1068	10	10	5	-12898
1069	10	10	5	-12908
1070	10	10	5	-12918
1071	10	10	5	-12928
1072	10	10	5	-12938
1073	10	10	5	-12948
1074	10	10	5	-12958
1075	10	10	5	-12968
1076	10	10	5	-12978
1077	10	10	5	-12988
1078	10	10	5	-12998
1079	10	10	5	-13008
1080	10	10	5	-13018
1081	10	10	5	-13028
1082	10	10	5	-13038
1083	10	10	5	-13048
1084	10	10	5	-13058
1085	10	10	5	-13068
1086	10	10	5	-13078
1087	10	10	5	-13088
1088	10	10	5	-13098
1089	10	10	5	-13108
1090	10	10	5	-13118
1091	10	10	5	-13128
1092	10	10	5	-13138
1093	10	10	5	-13148
1094	10	10	5	-13158
1095	10	10	5	-13168
1096	10	10	5	-13178
1097	10	10	5	-13188
1098	10	10	5	-13198
1099	10	10	5	-13208
1100	10	10	5	-13218
1101	10	10	5	-13228
1102	10	10	5	-13238
1103	10	10	5	-13248
1104	10	10	5	-13258
1105	10	10	5	-13268
1106	10	10	5	-13278
1107	10	10	5	-13288
1108	10	10	5	-13298
1109	10	10	5	-13308
1110	10	10	5	-13318
1111	10	10	5	-13328
1112	10	10	5	-13338
1113	10	10	5	-13348
1114	10	10	5	-13358
1115	10	10	5	-13368
1116	10	10	5	-13378
1117	10	10	5	-13388
1118	10	10	5	-13398
1119	10	10	5	-13408
1120	10	10	5	-13418
1121	10	10	5	-13428
1122	10	10	5	-13438
1123	10	10	5	-13448
1124	10	10	5	-13458
1125	10	10	5	-13468
1126	10	10	5	-13478
1127	10	10	5	-13488
1128	10	10	5	-13498
1129	10	10	5	-13508
1130	10	10	5	-13518
1131	10	10	5	-13528
1132	10	10	5	-13538
1133	10	10	5	-13548
1134	10	10	5	-13558
1135	10	10	5	-13568
1136	10	10	5	-13578
1137	10	10	5	-13588
1138	10	10	5	-13598
1139	10	10	5	-13608
1140	10	10	5	-13618
1141	10	10	5	-13628
1142	10	10	5	-13638
1143	10	10	5	-13648
1144	10	10	5	-13658
1145	10	10	5	-13668
1146	10	10	5	-13678
1147	10	10	5	-13688
1148	10	10	5	-13698
1149	10	10	5	-13708
1150	10	10	5	-13718
1151	10	10	5	-13728
1152	10	10	5	-13738
1153	10	10	5	-13748
1154	10	10	5	-13758
1155	10	10	5	-13768
1156	10	10	5	-13778
1157	10	10	5	-13788
1158	10	10	5	-13798
1159	10	10	5	-13808
1160	10	10	5	-13818
1161	10	10	5	-13828
1162	10	10	5	-13838
1163	10	10	5	-13848
1164	10	10	5	-13858
1165	10	10	5	-13868
1166	10	10	5	-13878
1167	10	10	5	-13888
1168	10	10	5	-13898
1169	10	10	5	-13908
1170	10	10	5	-13918
1171	10	10	5	-13928
1172	10	10	5	-13938
1173	10	10	5	-13948
1174	10	10	5	-13958
1175	10	10	5	-13968
1176	10	10	5	-13978
1177	10	10	5	-13988
1178	10	10	5	-13998
1179	10	10	5	-14008
1180	10	10	5	-14018
1181	10	10	5	-14028
1182	10	10	5	-14038
1183	10	10	5	-14048
1184	10	10	5	-14058
1185	10	10	5	-14068
1186	10	10	5	-14078
1187	10	10	5	-14088
1188	10	10	5	-14098
1189	10	10	5	-14108
1190	10	10	5	-14118
1191	10	10	5	-14128
1192	10	10	5	-14138
1193	10	10	5	-14148
1194	10	10	5	-14158
1195	10	10	5	-14168
1196	10	10	5	-14178
1197	10	10	5	-14188
1198	10	10	5	-14198
1199	10	10	5	-14208
1200	10	10	5	-14218
1201	10	10	5	-14228
1202	10	10	5	-14238
1203	10	10	5	-14248
1204	10	10	5	-14258
1205	10	10	5	-14268
1206	10	10	5	-14278
1207	10	10	5	-14288
1208	10	10	5	-14298
1209	10	10	5	-14308
1210	10	10	5	-14318
1211	10	10	5	-14328
1212	10	10	5	-14338
1213	10	10	5	-14348
1214	10	10	5	-14358
1215	10	10	5	-14368
1216	10	10	5	-14378
1217	10	10	5	-14388
1218	10	10	5	-14398
1219	10	10	5	-14408
1220	10	10	5	-14418
1221	10	10	5	-14428
1222	10	10	5	-14438
1223	10	10	5	-14448
1224	10	10	5	-14458
1225	10	10	5	-14468
1226	10	10	5	-14478
1227	10	10	5	-14488
1228	10	10	5	-14498
1229	10	10	5	-14508
1230	10	10	5	-14518
1231	10	10	5	-14528
1232	10	10	5	-14538
1233	10	10	5	-14548
1234	10	10	5	-14558
1235	10	10	5	-14568
1236	10	10	5	-14578
1237	10	10	5	-14588
1238	10	10	5	-14598
1239	10	10	5	-14608
1240	10	10	5	-14618
1241	10	10	5	-14628
1242	10	10	5	-14638
1243	10	10	5	-14648
1244	10	10	5	-14658
1245	10	10	5	-14668
1246	10	10	5	-14678
1247	10	10	5	-14688
1248	10	10	5	-14698
1249	10	10	5	-14708
1250	10	10	5	-14718
1251	10	10	5	-14728
1252	10	10	5	-14738
1253	10	10	5	-14748
1254	10	10	5	-14758
1255	10	10	5	-14768
1256	10	10	5	-14778
1257	10	10	5	-14788
1258	10	10	5	-14798
1259	10	10	5	-14808
1260	10	10	5	-14818
1261	10	10	5	-14828
1262	10	10	5	-14838
1263	10	10	5	-14848
1264	10	10	5	-14858
1265	10	10	5	-14868
1266	10	10	5	-14878
1267	10	10	5	-14888
1268	10	10	5	-14898
1269	10	10	5	-14908
1270	10	10	5	-14918
1271	10	10	5	-14928
1272	10	10	5	-14938
1273	10	10	5	-14948
1274	10	10	5	-14958
1275	10	10	5	-14968
1276	10	10	5	-14978
1277	10	10	5	-14988
1278	10	10	5	-14998
1279	10	10	5	-15008
1280	10	10	5	-15018
1281	10	10	5	-15028
1282	10	10	5	-15038
1283	10	10	5	-15048
1284	10	10	5	-15058
1285	10	10	5	-15068
1286	10	10	5	-15078
1287	10	10	5	-15088
1288	10	10	5	-15098
1289	10	10	5	-15108
1290	10	10	5	-15118
1291	10	10	5	-15128
1292	10	10	5	-15138
1293	10	10	5	-15148
1294	10	10	5	-15158
1295	10	10	5	-15168
1296	10	10	5	-15178
1297	10	10	5	-15188
1298	10	10	5	-15198
1299	10	10	5	-15208
1300	10	10	5	-15218
1301	10	10	5	-15228
1302	10	10	5	-15238
1303	10	10	5	-15248
1304	10	10	5	-15258
1305	10	10	5	-15268
1306	10	10	5	-15278
1307	10	10	5	-15288
1308	10	10	5	-15298
1309	10	10	5	-15308
1310	10	10	5	-15318
1311	10	10	5	-15328
1312	10	10	5	-15338
1313	10	10	5	-15348
1314	10	10	5	-15358
1315	10	10	5	-15368
1316	10	10	5	-15378
1317	10	10	5	-15388
1318	10	10	5	-15398
1319	10	10	5	-15408
1320	10	10	5	-15418
1321	10	10	5	-15428
1322	10	10	5	-15438
1323	10	10	5	-15448
1324	10	10	5	-15458
1325	10	10	5	-15468
1326	10	10	5	-15478
1327	10	10	5	-15488
1328	10	10	5	-15498
1329	10	10	5	-15508
1330	10	10	5	-15518
1331	10	10	5	-15528
1332	10	10	5	-15538
1333	10	10	5	-15548
1334	10	10	5	-15558
1335	10	10	5	-15568
1336	10	10	5	-15578
1337	10	10	5	-15588
1338	10	10	5	-15598
1339	10	10	5	-15608
1340	10	10	5	-15618
1341	10	10	5	-15628
1342	10	10	5	-15638
1343	10	10	5	-15648
1344	10	10	5	-15658
1345	10	10	5	-15668
1346	10	10	5	-15678
1347	10	10	5	-15688
1348	10	10	5	-15698
1349	10	10	5	-15708
1350	10	10	5	-15718
1351	10	10	5	-15728
1352	10	10	5	-15738
1353	10	10	5	-15748
1354	10	10	5	-15758
1355	10	10	5	-15768
1356	10	10	5	-15778
1357	10	10	5	-15788
1358	10	10	5	-15798
1359	10	10	5	-15808
1360	10	10	5	-15818
1361	10	10	5	-15828
1362	10	10	5	-15838
1363	10	10	5	-15848
1364	10	10	5	-15858
1365	10	10	5	-15868
1366	10	10	5	-15878
1367	10	10	5	-15888
1368	10	10	5	-15898
1369	10	10	5	-15908
1370	10	10	5	-15918
1371	10	10	5	-15928
1372	10	10	5	-15938
1373	10	10	5	-15948
1374	10	10	5	-15958
1375	10	10	5	-15968
1376	10	10	5	-15978
1377	10	10	5	-15988
1378	10	10	5	-15998
1379	10	10	5	-16008
1380	10	10	5	-16018
1381	10	10	5	-16028
1382	10	10	5	-16038
1383	10	10	5	-16048
1384	10	10	5	-16058
1385	10	10	5	-16068
1386	10	10	5	-16078
1387	10	10	5	-16088
1388	10	10	5	-16098
1389	10	10	5	-16108
1390	10	10	5	-16118
1391	10	10	5	-16128
1392	10	10	5	-16138
1393	10	10	5	-16148
1394	10	10	5	-16158
1395	10	10	5	-16168
1396	10	10	5	-16178
1397	10	10	5	-16188
1398	10	10	5	-16198
1399	10	10	5	-16208
1400	10	10	5	-16218
1401	10	10	5	-16228
1402	10	10	5	-16238
1403	10	10	5	-16248
1404	10	10	5	-16258
1405	10	10	5	-16268
1406	10	10	5	-16278
1407	10	10	5	-16288
1408	10	10	5	-16298
1409	10	10	5	-16308
1410	10	10	5	-16318
1411	10	10	5	-16328
1412	10	10	5	-16338
1413	10	10	5	-16348
1414	10	10	5	-16358
1415	10	10	5	-16368
1416	10	10	5	-16378
1417	10	10	5	-16388
1418	10	10	5	-16398
1419	10	10	5	-16408
1420	10	10	5	-16418
1421	10	10	5	-16428
1422	10	10	5	-16438
1423	10	10	5	-16448
1424	10	10	5	-16458
1425	10	10	5	-16468
1426	10	10	5	-16478
1427	10	10	5	-16488
1428	10	10	5	-16498
1429	10	10	5	-16508
1430	10	10	5	-16518
1431	10	10	5	-16528
1432	10	10	5	-16538
1433	10	10	5	-16548
1434	10	10	5	-16558
1435	10	10	5	-16568
1436	10	10	5	-16578
1437	10	10	5	-16588
1438	10	10	5	-16598
1439	10	10	5	-16608
1440	10	10	5	-16618
1441	10	10	5	-16628
1442	10	10	5	-16638
1443	9	11	5	-16647
1444	9	11	5	-16656
1445	9	11	5	-16665
1446	9	11	5	-16674
1447	9	11	5	-16683
1448	9	11	5	-16692
1449	9	11	5	-16701
1450	9	11	5	-16710
1451	9	11	5	-16719
1452	9	11	6	-15728
1453	9	11	6	-15737
1454	9	11	6	-15746
1455	9	11	6	-15755
1456	9	11	6	-15764
1457	9	11	6	-15773
1458	9	11	6	-15782
1459	9	11	6	-15791
1460	9	11	6	-15800
1461	9	11	6	-15809
1462	9	11	6	-15818
1463	9	11	6	-15827
1464	9	11	6	-15836
1465	9	11	6	-15845
1466	9	11	6	-15854
1467	9	11	6	-15863
1468	9	11	6	-15872
1469	9	11	6	-15881
1470	9	11	7	-14890
1471	9	11	7	-14899
1472	9	11	7	-14908
1473	9	11	7	-14917
1474	9	11	7	-14926
1475	9	11	7	-14935
1476	9	11	7	-14944
1477	9	11	7	-14953
1478	9	11	7	-14962
1479	9	11	7	-14971
1480	9	11	7	-14980
1481	9	11	7	-14989
1482	9	11	7	-14998
1483	9	11	7	-15007
1484	9	11	7	-15016
1485	9	11	7	-15025
1486	9	11	7	-15034
1487	9	11	7	-15043
1488	9	11	7	-15052
1489	9	11	7	-15061
1490	9	11	7	-15070
1491	9	11	7	-15079
1492	9	11	7	-15088
1493	9	11	7	-15097
1494	9	11	7	-15106
1495	9	11	7	-15115
1496	9	11	7	-15124
1497	9	11	7	-15133
1498	9	11	7	-15142
1499	9	11	7	-15151
1500	9	11	7	-15160
1501	9	11	7	-15169
1502	9	11	7	-15178
1503	9	11	7	-15187
1504	9	11	7	-15196
1505	9	11	7	-15205
1506	9	11	7	-15214
1507	9	11	7	-15223
1508	9	11	7	-15232
1509	9	11	7	-15241
1510	9	11	7	-15250
1511	8	12	7	-15258
1512	8	12	7	-15266
1513	8	12	7	-15274
1514	8	12	7	-15282
1515	8	12	7	-15290
1516	8	12	7	-15298
1517	8	12	7	-15306
1518	8	12	7	-15314
1519	8	12	7	-15322
1520	8	12	7	-15330
1521	8	12	7	-15338
1522	8	12	7	-15346
1523	8	12	7	-15354
1524	8	12	7	-15362
1525	8	12	7	-15370
1526	8	12	7	-15378
1527	8	12	7	-15386
1528	7	13	7	-15393
1529	7	13	7	-15400
1530	7	13	7	-15407
1531	7	13	7	-15414
1532	7	13	7	-15421
1533	7	13	7	-15428
1534	7	13	7	-15435
1535	7	13	7	-15442
1536	7	13	7	-15449
1537	7	13	7	-15456
1538	7	13	7	-15463
1539	7	13	7	-15470
1540	7	13	7	-15477
1541	7	13	7	-15484
1542	7	13	7	-15491
1543	7	13	7	-15498
1544	8	12	7	-15506
1545	8	12	7	-15514
1546	8	12	7	-15522
1547	8	12	7	-15530
1548	8	12	7	-15538
1549	8	12	7	-15546
1550	8	12	7	-15554
1551	8	12	7	-15562
1552	8	12	7	-15570
1553	8	12	7	-15578
1554	8	12	7	-15586
1555	8	12	7	-15594
1556	8	12	7	-15602
1557	8	12	7	-15610
1558	8	12	7	-15618
1559	8	12	7	-15626
1560	8	12	7	-15634
1561	8	12	7	-15642
1562	8	12	7	-15650
1563	8	12	7	-15658
1564	8	12	7	-15666
1565	8	12	7	-15674
1566	8	12	7	-15682
1567	8	12	7	-15690
1568	8	12	7	-15698
1569	9	11	7	-15707
1570	9	11	7	-15716
1571	9	11	7	-15725
1572	9	11	7	-15734
1573	9	11	7	-15743
1574	9	11	7	-15752
1575	9	11	7	-15761
1576	9	11	7	-15770
1577	9	11	7	-15779
1578	9	11	7	-15788
1579	9	11	7	-15797
1580	9	11	7	-15806
1581	10	10	7	-15816
1582	11	9	7	-15827
1583	11	9	7	-15838
1584	11	9	7	-15849
1585	11	9	7	-15860
1586	11	9	7	-15871
1587	11	9	7	-15882
1588	11	9	7	-15893
1589	11	9	7	-15904
1590	11	9	7	-15915
1591	11	9	7	-15926
1592	11	9	7	-15937
1593	11	9	7	-15948
1594	11	9	7	-15959
1595	11	9	7	-15970
1596	11	9	7	-15981
1597	11	9	7	-15992
1598	11	9	7	-16003
1599	11	9	7	-16014
1600	11	9	7	-16025
1601	11	9	7	-16036
1602	11	9	7	-16047
1603	11	9	7	-16058
1604	11	9	7	-16069
1605	11	9	7	-16080
1606	11	9	7	-16091
1607	11	9	7	-16102
1608	11	9	7	-16113
1609	11	9	7	-16124
1610	11	9	7	-16135
1611	11	9	7	-16146
1612	11	9	7	-16157
1613	11	9	7	-16168
1614	12	8	7	-16180
1615	12	8	7	-16192
1616	12	8	7	-16204
1617	12	8	7	-16216
1618	12	8	7	-16228
1619	12	8	7	-16240
1620	12	8	7	-16252
1621	12	8	7	-16264
1622	12	8	7	-16276
1623	13	7	7	-16289
1624	13	7	7	-16302
1625	13	7	7	-16315
1626	13	7	7	-16328
1627	13	7	7	-16341
1628	13	7	7	-16354
1629	13	7	7	-16367
1630	14	6	7	-16381
1631	14	6	7	-16395
1632	14	6	7	-16409
1633	14	6	7	-16423
1634	14	6	7	-16437
1635	14	6	7	-16451
1636	14	6	7	-16465
1637	14	6	7	-16479
1638	14	6	7	-16493
1639	14	6	7	-16507
1640	14	6	7	-16521
1641	14	6	7	-16535
1642	14	6	7	-16549
1643	14	6	7	-16563
1644	14	6	7	-16577
1645	14	6	7	-16591
1646	14	6	7	-16605
1647	14	6	7	-16619
1648	14	6	7	-16633
1649	14	6	7	-16647
1650	13	7	7	-16660
1651	13	7	7	-16673
1652	13	7	7	-16686
1653	13	7	7	-16699
1654	13	7	7	-16712
1655	13	7	7	-16725
1656	13	7	7	-16738
1657	13	7	7	-16751
1658	13	7	7	-16764
1659	13	7	7	-16777
1660	13	7	7	-16790
1661	13	7	7	-16803
1662	13	7	7	-16816
1663	13	7	7	-16829
1664	13	7	7	-16842
1665	13	7	7	-16855
1666	13	7	7	-16868
1667	13	7	7	-16881
1668	13	7	7	-16894
1669	13	7	7	-16907
1670	13	7	7	-16920
1671	13	7	7	-16933
1672	13	7	7	-16946
1673	13	7	7	-16959
1674	13	7	7	-16972
1675	13	7	7	-16985
1676	13	7	7	-16998
1677	13	7	7	-17011
1678	13	7	7	-17024
1679	12	8	7	-17036
1680	12	8	7	-17048
1681	12	8	7	-17060
1682	12	8	7	-17072
1683	12	8	7	-17084
1684	12	8	7	-17096
1685	12	8	7	-17108
1686	12	8	7	-17120
1687	12	8	7	-17132
1688	12	8	7	-17144
1689	12	8	7	-17156
1690	12	8	7	-17168
1691	12	8	7	-17180
1692	12	8	7	-17192
1693	12	8	7	-17204
1694	12	8	7	-17216
1695	12	8	7	-17228
1696	12	8	7	-17240
1697	12	8	7	-17252
1698	12	8	7	-17264
1699	12	8	7	-17276
1700	12	8	7	-17288
1701	12	8	7	-17300
1702	12	8	7	-17312
1703	12	8	7	-17324
1704	12	8	7	-17336
1705	12	8	7	-17348
1706	12	8	7	-17360
1707	12	8	7	-17372
1708	12	8	7	-17384
1709	12	8	7	-17396
1710	12	8	7	-17408
1711	12	8	7	-17420
1712	12	8	7	-17432
1713	12	8	7	-17444
1714	12	8	7	-17456
1715	12	8	7	-17468
1716	12	8	7	-17480
1717	12	8	7	-17492
1718	12	8	7	-17504
1719	12	8	7	-17516
1720	12	8	7	-17528
1721	12	8	7	-17540
1722	12	8	7	-17552
1723	12	8	7	-17564
1724	12	8	7	-17576
1725	12	8	7	-17588
1726	12	8	7	-17600
1727	12	8	7	-17612
1728	12	8	7	-17624
1729	12	8	7	-17636
1730	12	8	7	-17648
1731	12	8	7	-17660
1732	12	8	7	-17672
1733	12	8	7	-17684
1734	12	8	7	-17696
1735	12	8	7	-17708
1736	12	8	7	-17720
1737	12	8	7	-17732
1738	12	8	7	-17744
1739	12	8	7	-17756
1740	12	8	7	-17768
1741	12	8	7	-17780
1742	12	8	7	-17792
1743	12	8	7	-17804
1744	12	8	7	-17816
1745	12	8	7	-17828
1746	12	8	7	-17840
1747	12	8	7	-17852
1748	12	8	7	-17864
1749	12	8	7	-17876
1750	12	8	7	-17888
1751	12	8	7	-17900
1752	12	8	7	-17912
1753	12	8	7	-17924
1754	12	8	7	-17936
1755	12	8	7	-17948
1756	12	8	7	-17960
1757	12	8	7	-17972
1758	12	8	7	-17984
1759	12	8	7	-17996
1760	12	8	7	-18008
1761	12	8	7	-18020
1762	12	8	7	-18032
1763	12	8	7	-18044
1764	12	8	7	-18056
1765	12	8	7	-18068
1766	12	8	7	-18080
1767	12	8	7	-18092
1768	12	8	7	-18104
1769	12	8	7	-18116
1770	12	8	7	-18128
1771	12	8	7	-18140
1772	12	8	7	-18152
1773	12	8	7	-18164
1774	12	8	7	-18176
1775	12	8	7	-18188
1776	12	8	7	-18200
1777	12	8	7	-18212
1778	12	8	7	-18224
1779	12	8	7	-18236
1780	12	8	7	-18248
1781	12	8	7	-18260
1782	12	8	7	-18272
1783	12	8	7	-18284
1784	12	8	7	-18296
1785	12	8	7	-18308
1786	12	8	7	-18320
1787	12	8	7	-18332
1788	12	8	7	-18344
1789	12	8	7	-18356
1790	12	8	7	-18368
1791	12	8	7	-18380
1792	12	8	7	-18392
1793	12	8	7	-18404
1794	12	8	7	-18416
1795	12	8	7	-18428
1796	12	8	7	-18440
1797	12	8	7	-18452
1798	12	8	7	-18464
1799	11	9	7	-18475
1800	11	9	7	-18486
1801	11	9	7	-18497
1802	11	9	7	-18508
1803	11	9	7	-18519
1804	11	9	7	-18530
1805	11	9	7	-18541
1806	11	9	7	-18552
1807	11	9	7	-18563
1808	11	9	7	-18574
1809	11	9	7	-18585
1810	11	9	7	-18596
1811	11	9	7	-18607
1812	11	9	7	-18618
1813	11	9	7	-18629
1814	11	9	7	-18640
1815	11	9	7	-18651
1816	11	9	7	-18662
1817	11	9	7	-18673
1818	11	9	7	-18684
1819	11	9	7	-18695
1820	11	9	7	-18706
1821	11	9	7	-18717
1822	11	9	7	-18728
1823	11	9	7	-18739
1824	11	9	7	-18750
1825	11	9	7	-18761
1826	11	9	7	-18772
1827	11	9	7	-18783
1828	11	9	7	-18794
1829	11	9	7	-18805
1830	11	9	7	-18816
1831	11	9	7	-18827
1832	11	9	7	-18838
1833	11	9	7	-18849
1834	11	9	7	-18860
1835	11	9	7	-18871
1836	11	9	7	-18882
1837	11	9	7	-18893
1838	11	9	7	-18904
1839	11	9	7	-18915
1840	11	9	7	-18926
1841	11	9	7	-18937
1842	11	9	7	-18948
1843	11	9	7	-18959
1844	11	9	7	-18970
1845	11	9	7	-18981
1846	11	9	7	-18992
1847	11	9	7	-19003
1848	11	9	7	-19014
1849	11	9	7	-19025
1850	11	9	7	-19036
1851	11	9	7	-19047
1852	11	9	7	-19058
1853	10	10	7	-19068
1854	10	10	7	-19078
1855	10	10	7	-19088
1856	10	10	7	-19098
1857	10	10	7	-19108
1858	10	10	7	-19118
1859	10	10	7	-19128
1860	10	10	7	-19138
1861	10	10	7	-19148
1862	10	10	7	-19158
1863	10	10	7	-19168
1864	10	10	7	-19178
1865	10	10	7	-19188
1866	10	10	7	-19198
1867	10	10	7	-19208
1868	10	10	7	-19218
1869	10	10	7	-19228
1870	10	10	7	-19238
1871	10	10	7	-19248
1872	10	10	7	-19258
1873	10	10	7	-19268
1874	10	10	7	-19278
1875	10	10	7	-19288
1876	10	10	7	-19298
1877	10	10	7	-19308
1878	10	10	7	-19318
1879	10	10	7	-19328
1880	10	10	7	-19338
1881	10	10	7	-19348
1882	10	10	7	-19358
1883	10	10	7	-19368
1884	10	10	7	-19378
1885	10	10	7	-19388
1886	10	10	7	-19398
1887	10	10	7	-19408
1888	10	10	7	-19418
1889	10	10	7	-19428
1890	10	10	7	-19438
1891	10	10	7	-19448
1892	10	10	7	-19458
1893	10	10	7	-19468
1894	10	10	7	-19478
1895	10	10	7	-19488
1896	10	10	7	-19498
1897	10	10	7	-19508
1898	10	10	7	-19518
1899	10	10	7	-19528
1900	10	10	7	-19538
1901	10	10	7	-19548
1902	10	10	7	-19558
1903	10	10	7	-19568
1904	10	10	7	-19578
1905	10	10	7	-19588
1906	10	10	7	-19598
1907	10	10	7	-19608
1908	10	10	7	-19618
1909	10	10	7	-19628
1910	10	10	7	-19638
1911	10	10	7	-19648
1912	10	10	7	-19658
1913	10	10	7	-19668
1914	10	10	7	-19678
1915	10	10	7	-19688
1916	10	10	7	-19698
1917	10	10	7	-19708
1918	10	10	7	-19718
1919	10	10	7	-19728
1920	10	10	7	-19738
1921	10	10	7	-19748
1922	10	10	7	-19758
1923	10	10	7	-19768
1924	10	10	7	-19778
1925	10	10	7	-19788
1926	10	10	7	-19798
1927	10	10	7	-19808
1928	10	10	7	-19818
1929	10	10	7	-19828
1930	10	10	7	-19838
1931	10	10	7	-19848
1932	10	10	7	-19858
1933	10	10	7	-19868
1934	10	10	7	-19878
1935	10	10	7	-19888
1936	10	10	7	-19898
1937	10	10	7	-19908
1938	10	10	7	-19918
1939	10	10	7	-19928
1940	10	10	7	-19938
1941	10	10	7	-19948
1942	10	10	7	-19958
1943	10	10	7	-19968
1944	10	10	7	-19978
1945	10	10	7	-19988
1946	10	10	7	-19998
1947	10	10	7	-20008
1948	10	10	7	-20018
1949	10	10	7	-20028
1950	10	10	7	-20038
1951	10	10	7	-20048
1952	10	10	7	-20058
1953	10	10	7	-20068
1954	10	10	7	-20078
1955	10	10	7	-20088
1956	10	10	7	-20098
1957	10	10	7	-20108
1958	10	10	7	-20118
1959	10	10	7	-20128
1960	10	10	7	-20138
1961	10	10	7	-20148
1962	10	10	7	-20158
1963	10	10	7	-20168
1964	10	10	7	-20178
1965	10	10	7	-20188
1966	10	10	7	-20198
1967	10	10	7	-20208
1968	10	10	7	-20218
1969	10	10	7	-20228
1970	10	10	7	-20238
1971	10	10	7	-20248
1972	10	10	7	-20258
1973	10	10	7	-20268
1974	10	10	7	-20278
1975	10	10	7	-20288
1976	10	10	7	-20298
1977	10	10	7	-20308
1978	10	10	7	-20318
1979	10	10	7	-20328
1980	10	10	7	-20338
1981	10	10	7	-20348
1982	10	10	7	-20358
1983	10	10	7	-20368
1984	10	10	7	-20378
1985	10	10	7	-20388
1986	10	10	7	-20398
1987	10	10	7	-20408
1988	10	10	7	-20418
1989	10	10	7	-20428
1990	10	10	7	-20438
1991	10	10	7	-20448
1992	10	10	7	-20458
1993	10	10	7	-20468
1994	10	10	7	-20478
1995	10	10	7	-20488
1996	10	10	7	-20498
1997	10	10	7	-20508
1998	10	10	7	-20518
1999	10	10	7	-20528
2000	10	10	7	-20538
2001	10	10	7	-20548
2002	10	10	7	-20558
2003	10	10	7	-20568
2004	10	10	7	-20578
2005	10	10	7	-20588
2006	10	10	7	-20598
2007	10	10	7	-20608
2008	10	10	7	-20618
2009	10	10	7	-20628
2010	10	10	7	-20638
2011	10	10	7	-20648
2012	10	10	7	-20658
2013	10	10	7	-20668
2014	10	10	7	-20678
2015	10	10	7	-20688
2016	10	10	7	-20698
2017	10	10	7	-20708
2018	10	10	7	-20718
2019	10	10	7	-20728
2020	10	10	7	-20738
2021	10	10	7	-20748
2022	10	10	7	-20758
2023	10	10	7	-20768
2024	10	10	7	-20778
2025	10	10	7	-20788
2026	10	10	7	-20798
2027	10	10	7	-20808
2028	10	10	7	-20818
2029	10	10	7	-20828
2030	10	10	7	-20838
2031	10	10	7	-20848
2032	10	10	7	-20858
2033	10	10	7	-20868
2034	10	10	7	-20878
2035	10	10	7	-20888
2036	10	10	7	-20898
2037	10	10	7	-20908
2038	10	10	7	-20918
2039	10	10	7	-20928
2040	10	10	7	-20938
2041	10	10	7	-20948
2042	10	10	7	-20958
2043	10	10	7	-20968
2044	10	10	7	-20978
2045	10	10	7	-20988
2046	10	10	7	-20998
2047	10	10	7	-21008
2048	10	10	7	-21018
2049	10	10	7	-21028
2050	10	10	7	-21038
2051	10	10	7	-21048
2052	10	10	7	-21058
2053	10	10	7	-21068
2054	10	10	7	-21078
2055	10	10	7	-21088
2056	10	10	7	-21098
2057	10	10	7	-21108
2058	10	10	7	-21118
2059	10	10	7	-21128
2060	10	10	7	-21138
2061	10	10	7	-21148
2062	10	10	7	-21158
2063	10	10	7	-21168
2064	10	10	7	-21178
2065	10	10	7	-21188
2066	10	10	7	-21198
2067	10	10	7	-21208
2068	10	10	7	-21218
2069	10	10	7	-21228
2070	10	10	7	-21238
2071	10	10	7	-21248
2072	10	10	7	-21258
2073	10	10	7	-21268
2074	10	10	7	-21278
2075	10	10	7	-21288
2076	10	10	7	-21298
2077	10	10	7	-21308
2078	10	10	7	-21318
2079	10	10	7	-21328
2080	10	10	7	-21338
2081	10	10	7	-21348
2082	10	10	7	-21358
2083	10	10	7	-21368
2084	10	10	7	-21378
2085	10	10	7	-21388
2086	10	10	7	-21398
2087	10	10	7	-21408
2088	10	10	7	-21418
2089	10	10	7	-21428
2090	10	10	7	-21438
2091	10	10	7	-21448
2092	10	10	7	-21458
2093	10	10	7	-21468
2094	10	10	7	-21478
2095	10	10	7	-21488
2096	10	10	7	-21498
2097	10	10	7	-21508
2098	10	10	7	-21518
2099	10	10	7	-21528
2100	10	10	7	-21538
2101	10	10	7	-21548
2102	10	10	7	-21558
2103	10	10	7	-21568
2104	10	10	7	-21578
2105	10	10	7	-21588
2106	10	10	7	-21598
2107	10	10	7	-21608
2108	10	10	7	-21618
2109	10	10	7	-21628
2110	10	10	7	-21638
2111	10	10	7	-21648
2112	10	10	7	-21658
2113	10	10	7	-21668
2114	10	10	7	-21678
2115	10	10	7	-21688
2116	10	10	7	-21698
2117	10	10	7	-21708
2118	10	10	7	-21718
2119	10	10	7	-21728
2120	10	10	7	-21738
2121	10	10	7	-21748
2122	10	10	7	-21758
2123	10	10	7	-21768
2124	10	10	7	-21778
2125	10	10	7	-21788
2126	10	10	7	-21798
2127	10	10	7	-21808
2128	10	10	7	-21818
2129	10	10	7	-21828
2130	10	10	7	-21838
2131	10	10	7	-21848
2132	10	10	7	-21858
2133	10	10	7	-21868
2134	10	10	7	-21878
2135	10	10	7	-21888
2136	10	10	7	-21898
2137	10	10	7	-21908
2138	10	10	7	-21918
2139	10	10	7	-21928
2140	10	10	7	-21938
2141	10	10	7	-21948
2142	10	10	7	-21958
2143	10	10	7	-21968
2144	10	10	7	-21978
2145	10	10	7	-21988
2146	10	10	7	-21998
2147	10	10	7	-22008
2148	10	10	7	-22018
2149	10	10	7	-22028
2150	10	10	7	-22038
2151	10	10	7	-22048
2152	10	10	7	-22058
2153	10	10	7	-22068
2154	10	10	7	-22078
2155	10	10	7	-22088
2156	10	10	7	-22098
2157	10	10	7	-22108
2158	10	10	7	-22118
2159	10	10	7	-22128
2160	10	10	7	-22138
2161	10	10	7	-22148
2162	10	10	7	-22158
2163	10	10	7	-22168
2164	10	10	7	-22178
2165	10	10	7	-22188
2166	10	10	7	-22198
2167	10	10	7	-22208
2168	10	10	7	-22218
2169	10	10	7	-22228
2170	10	10	7	-22238
2171	10	10	7	-22248
2172	10	10	7	-22258
2173	10	10	7	-22268
2174	10	10	7	-22278
2175	10	10	7	-22288
2176	10	10	7	-22298
2177	10	10	7	-22308
2178	10	10	7	-22318
2179	10	10	7	-22328
2180	10	10	7	-22338
2181	10	10	7	-22348
2182	10	10	7	-22358
2183	10	10	7	-22368
2184	10	10	7	-22378
2185	10	10	7	-22388
2186	10	10	7	-22398
2187	10	10	7	-22408
2188	10	10	7	-22418
2189	10	10	7	-22428
2190	10	10	7	-22438
2191	10	10	7	-22448
2192	10	10	7	-22458
2193	10	10	7	-22468
2194	10	10	7	-22478
2195	10	10	7	-22488
2196	10	10	7	-22498
2197	10	10	7	-22508
2198	10	10	7	-22518
2199	10	10	7	-22528
2200	10	10	7	-22538
2201	10	10	7	-22548
2202	10	10	7	-22558
2203	10	10	7	-22568
2204	10	10	7	-22578
2205	10	10	7	-22588
2206	10	10	7	-22598
2207	10	10	7	-22608
2208	10	10	7	-22618
2209	10	10	7	-22628
2210	10	10	7	-22638
2211	10	10	7	-22648
2212	10	10	7	-22658
2213	10	10	7	-22668
2214	10	10	7	-22678
2215	10	10	7	-22688
2216	10	10	7	-22698
2217	10	10	7	-22708
2218	10	10	7	-22718
2219	10	10	7	-22728
2220	10	10	7	-22738
2221	10	10	7	-22748
2222	10	10	7	-22758
2223	10	10	7	-22768
2224	10	10	7	-22778
2225	10	10	7	-22788
2226	10	10	7	-22798
2227	10	10	7	-22808
2228	10	10	7	-22818
2229	10	10	7	-22828
2230	10	10	7	-22838
2231	10	10	7	-22848
2232	10	10	7	-22858
2233	10	10	7	-22868
2234	10	10	7	-22878
2235	10	10	7	-22888
2236	10	10	7	-22898
2237	10	10	7	-22908
2238	10	10	7	-22918
2239	10	10	7	-22928
2240	10	10	7	-22938
2241	10	10	7	-22948
2242	10	10	7	-22958
2243	10	10	7	-22968
2244	10	10	7	-22978
2245	10	10	7	-22988
2246	10	10	7	-22998
2247	10	10	7	-23008
2248	10	10	7	-23018
2249	10	10	7	-23028
2250	10	10	7	-23038
2251	10	10	7	-23048
2252	10	10	7	-23058
2253	10	10	7	-23068
2254	10	10	7	-23078
2255	10	10	7	-23088
2256	10	10	7	-23098
2257	10	10	7	-23108
2258	10	10	7	-23118
2259	10	10	7	-23128
2260	10	10	7	-23138
2261	10	10	7	-23148
2262	9	11	7	-23157
2263	9	11	7	-23166
2264	9	11	7	-23175
2265	9	11	7	-23184
2266	9	11	7	-23193
2267	9	11	7	-23202
2268	8	12	7	-23210
2269	8	12	7	-23218
2270	8	12	7	-23226
2271	8	12	7	-23234
2272	8	12	7	-23242
2273	8	12	7	-23250
2274	8	12	7	-23258
2275	8	12	7	-23266
2276	8	12	7	-23274
2277	8	12	7	-23282
2278	8	12	7	-23290
2279	8	12	7	-23298
2280	8	12	7	-23306
2281	8	12	7	-23314
2282	8	12	7	-23322
2283	8	12	7	-23330
2284	8	12	7	-23338
2285	7	13	7	-23345
2286	7	13	7	-23352
2287	7	13	7	-23359
2288	7	13	7	-23366
2289	7	13	7	-23373
2290	7	13	7	-23380
2291	7	13	7	-23387
2292	7	13	7	-23394
2293	7	13	7	-23401
2294	7	13	7	-23408
2295	7	13	7	-23415
2296	7	13	7	-23422
2297	7	13	7	-23429
2298	7	13	7	-23436
2299	7	13	7	-23443
2300	7	13	7	-23450
2301	7	13	7	-23457
2302	7	13	7	-23464
2303	7	13	7	-23471
2304	7	13	7	-23478
2305	7	13	7	-23485
2306	7	13	7	-23492
2307	7	13	7	-23499
2308	7	13	7	-23506
2309	7	13	7	-23513
2310	7	13	7	-23520
2311	7	13	7	-23527
2312	7	13	7	-23534
2313	7	13	7	-23541
2314	7	13	7	-23548
2315	7	13	7	-23555
2316	7	13	7	-23562
2317	7	13	7	-23569
2318	7	13	7	-23576
2319	7	13	7	-23583
2320	7	13	7	-23590
2321	7	13	7	-23597
2322	7	13	7	-23604
2323	7	13	7	-23611
2324	7	13	7	-23618
2325	7	13	7	-23625
2326	7	13	7	-23632
2327	7	13	7	-23639
2328	7	13	7	-23646
2329	7	13	7	-23653
2330	7	13	7	-23660
2331	7	13	7	-23667
2332	7	13	7	-23674
2333	7	13	7	-23681
2334	7	13	7	-23688
2335	7	13	7	-23695
2336	7	13	7	-23702
2337	7	13	7	-23709
2338	7	13	7	-23716
2339	7	13	7	-23723
2340	7	13	7	-23730
2341	7	13	7	-23737
2342	7	13	7	-23744
2343	7	13	7	-23751
2344	7	13	7	-23758
2345	7	13	7	-23765
2346	7	13	7	-23772
2347	7	13	7	-23779
2348	7	13	7	-23786
2349	7	13	7	-23793
2350	7	13	7	-23800
2351	7	13	7	-23807
2352	7	13	7	-23814
2353	7	13	7	-23821
2354	7	13	7	-23828
2355	7	13	7	-23835
2356	7	13	7	-23842
2357	7	13	7	-23849
2358	7	13	7	-23856
2359	7	13	7	-23863
2360	7	13	7	-23870
2361	7	13	7	-23877
2362	7	13	7	-23884
2363	7	13	7	-23891
2364	7	13	7	-23898
2365	7	13	7	-23905
2366	7	13	8	-22912
2367	7	13	8	-22919
2368	7	13	8	-22926
2369	7	13	8	-22933
2370	7	13	8	-22940
2371	7	13	8	-22947
2372	7	13	8	-22954
2373	7	13	8	-22961
2374	7	13	8	-22968
2375	7	13	8	-22975
2376	7	13	8	-22982
2377	7	13	8	-22989
2378	6	14	8	-22995
2379	6	14	8	-23001
2380	6	14	8	-23007
2381	6	14	8	-23013
2382	6	14	8	-23019
2383	6	14	8	-23025
2384	6	14	8	-23031
2385	6	14	8	-23037
2386	6	14	8	-23043
2387	6	14	8	-23049
2388	6	14	8	-23055
2389	6	14	8	-23061
2390	6	14	8	-23067
2391	6	14	8	-23073
2392	6	14	8	-23079
2393	6	14	8	-23085
2394	6	14	8	-23091
2395	6	14	8	-23097
2396	6	14	8	-23103
2397	6	14	8	-23109
2398	6	14	8	-23115
2399	6	14	8	-23121
2400	6	14	8	-23127
2401	6	14	8	-23133
2402	6	14	8	-23139
2403	6	14	8	-23145
2404	6	14	8	-23151
2405	6	14	8	-23157
2406	6	14	8	-23163
2407	6	14	8	-23169
2408	6	14	8	-23175
2409	6	14	8	-23181
2410	6	14	8	-23187
2411	6	14	8	-23193
2412	6	14	8	-23199
2413	6	14	8	-23205
2414	6	14	8	-23211
2415	6	14	8	-23217
2416	6	14	8	-23223
2417	6	14	8	-23229
2418	5	15	8	-23234
2419	5	15	8	-23239
2420	5	15	8	-23244
2421	5	15	8	-23249
2422	5	15	8	-23254
2423	5	15	8	-23259
2424	4	16	8	-23263
2425	4	16	8	-23267
2426	4	16	8	-23271
2427	5	15	8	-23276
2428	5	15	8	-23281
2429	5	15	8	-23286
2430	5	15	8	-23291
2431	5	15	8	-23296
2432	5	15	8	-23301
2433	5	15	8	-23306
2434	5	15	8	-23311
2435	6	14	8	-23317
2436	6	14	8	-23323
2437	6	14	8	-23329
2438	6	14	8	-23335
2439	6	14	8	-23341
2440	6	14	8	-23347
2441	6	14	8	-23353
2442	6	14	8	-23359
2443	6	14	8	-23365
2444	7	13	8	-23372
2445	7	13	8	-23379
2446	7	13	8	-23386
2447	7	13	8	-23393
2448	7	13	8	-23400
2449	7	13	8	-23407
2450	7	13	8	-23414
2451	7	13	8	-23421
2452	7	13	8	-23428
2453	7	13	8	-23435
2454	7	13	8	-23442
2455	7	13	8	-23449
2456	7	13	8	-23456
2457	7	13	8	-23463
2458	7	13	8	-23470
2459	7	13	8	-23477
2460	7	13	8	-23484
2461	7	13	8	-23491
2462	7	13	8	-23498
2463	7	13	8	-23505
2464	7	13	8	-23512
2465	7	13	8	-23519
2466	7	13	8	-23526
2467	7	13	8	-23533
2468	7	13	8	-23540
2469	7	13	8	-23547
2470	7	13	8	-23554
2471	7	13	8	-23561
2472	7	13	8	-23568
2473	7	13	8	-23575
2474	7	13	8	-23582
2475	7	13	8	-23589
2476	7	13	8	-23596
2477	7	13	8	-23603
2478	8	12	8	-23611
2479	8	12	8	-23619
2480	8	12	8	-23627
2481	8	12	8	-23635
2482	7	13	8	-23642
2483	7	13	8	-23649
2484	7	13	8	-23656
2485	7	13	8	-23663
2486	7	13	8	-23670
2487	7	13	8	-23677
2488	7	13	8	-23684
2489	7	13	8	-23691
2490	7	13	8	-23698
2491	7	13	8	-23705
2492	7	13	8	-23712
2493	7	13	8	-23719
2494	7	13	8	-23726
2495	7	13	8	-23733
2496	7	13	8	-23740
2497	7	13	8	-23747
2498	7	13	8	-23754
2499	7	13	8	-23761
2500	7	13	8	-23768
2501	7	13	8	-23775
2502	7	13	8	-23782
2503	7	13	8	-23789
2504	7	13	8	-23796
2505	7	13	8	-23803
2506	6	14	8	-23809
2507	6	14	8	-23815
2508	6	14	8	-23821
2509	6	14	8	-23827
2510	6	14	8	-23833
2511	6	14	8	-23839
2512	6	14	8	-23845
2513	6	14	8	-23851
2514	6	14	8	-23857
2515	6	14	8	-23863
2516	6	14	8	-23869
2517	6	14	8	-23875
2518	6	14	8	-23881
2519	6	14	8	-23887
2520	6	14	8	-23893
2521	6	14	8	-23899
2522	6	14	8	-23905
2523	6	14	8	-23911
2524	6	14	8	-23917
2525	6	14	8	-23923
2526	6	14	8	-23929
2527	6	14	8	-23935
2528	6	14	8	-23941
2529	6	14	8	-23947
2530	6	14	8	-23953
2531	6	14	8	-23959
2532	6	14	8	-23965
2533	6	14	8	-23971
2534	6	14	8	-23977
2535	6	14	8	-23983
2536	6	14	8	-23989
2537	6	14	8	-23995
2538	6	14	8	-24001
2539	6	14	8	-24007
2540	6	14	8	-24013
2541	6	14	8	-24019
2542	6	14	8	-24025
2543	5	15	8	-24030
2544	5	15	8	-24035
2545	5	15	8	-24040
2546	5	15	8	-24045
2547	5	15	8	-24050
2548	5	15	8	-24055
2549	5	15	8	-24060
2550	5	15	8	-24065
2551	5	15	8	-24070
2552	5	15	8	-24075
2553	5	15	8	-24080
2554	5	15	8	-24085
2555	5	15	8	-24090
2556	5	15	8	-24095
2557	5	15	8	-24100
2558	5	15	8	-24105
2559	5	15	8	-24110
2560	5	15	8	-24115
2561	5	15	8	-24120
2562	5	15	8	-24125
2563	5	15	8	-24130
2564	5	15	8	-24135
2565	5	15	8	-24140
2566	5	15	8	-24145
2567	5	15	8	-24150
2568	5	15	8	-24155
2569	5	15	8	-24160
